10 120
11 180
12 240
13 360
14 720
15 840
16 1260
17 1680
18 2520
19 5040
20 7560
21 10080
22 15120
23 20160
24 25200
25 27720
26 45360
27 50400
28 55440
29 83160
30 110880
31 166320
32 221760
33 277200
34 332640
35 498960
36 554400
37 665280
38 720720
39 1081080
40 1441440
41 2162160
42 2882880
43 3603600
44 4324320
45 6486480
46 7207200
47 8648640
48 10810800
49 14414400
50 17297280
51 21621600
52 32432400
53 36756720
54 43243200
55 61261200
56 73513440
57 110270160
58 122522400
59 147026880
60 183783600
61 245044800
62 294053760
63 367567200
64 551350800
65 698377680
66 735134400
67 1102701600
68 1396755360
69 2095133040
70 2205403200
71 2327925600
72 2793510720
73 3491888400
74 4655851200
75 5587021440
76 6983776800
77 10475665200
78 13967553600
79 20951330400
80 27935107200
81 41902660800
82 48886437600
83 64250746560
84 73329656400
85 80313433200
86 97772875200
87 128501493120
88 146659312800
89 160626866400
90 240940299600
91 293318625600
92 321253732800
93 481880599200
94 642507465600